i0
326 1
330 1
354 1
390 1
392 1
402 1
418 1
430 1
434 1
436 1
444 1
450 3
454 1
458 1
462 2
464 1
470 1
476 1
482 2
488 1
494 1
496 2
502 2
504 2
512 4
514 1
516 2
518 2
522 2
524 2
526 6
530 2
534 2
536 2
538 2
540 2
542 2
544 3
546 3
548 3
550 2
552 1
558 1
560 2
562 2
564 1
566 1
568 2
570 3
572 6
574 1
576 4
578 1
580 5
582 2
584 4
586 2
588 3
590 5
592 3
594 6
596 2
600 5
602 6
604 4
606 5
608 6
610 3
612 5
614 3
616 4
618 5
620 2
622 1
624 1
626 3
628 5
630 4
632 6
634 2
636 2
638 6
640 8
642 3
644 4
646 7
648 2
650 5
652 4
654 4
656 7
658 4
660 4
662 7
664 8
666 5
668 10
670 7
672 4
674 7
676 6
678 7
680 9
682 5
684 3
686 7
688 7
690 8
692 7
694 9
696 5
698 8
700 5
702 6
704 8
706 13
708 8
710 5
712 8
714 8
716 3
718 8
720 7
722 7
724 4
726 14
728 7
730 9
732 2
734 11
736 7
738 11
740 11
742 3
744 3
746 14
748 4
750 11
752 7
754 8
756 11
758 11
760 5
762 9
764 9
766 11
768 8
770 7
772 9
774 12
776 6
778 8
780 11
782 11
784 12
786 14
788 17
790 17
792 10
794 3
796 10
798 10
800 5
802 7
804 12
806 10
808 3
810 9
812 8
814 8
816 10
818 8
820 17
822 11
824 9
826 7
828 13
830 9
832 15
834 14
836 17
838 12
840 13
842 6
844 12
846 10
848 9
850 20
852 9
854 7
856 13
858 6
860 8
862 11
864 14
866 8
868 16
870 11
872 6
874 12
876 10
878 7
880 5
882 10
884 14
886 9
888 8
890 12
892 14
894 5
896 4
898 9
900 11
902 11
904 11
906 10
908 9
910 8
912 5
914 7
916 8
918 7
920 1
922 4
924 10
926 11
928 13
930 9
932 4
934 12
936 14
938 9
940 6
942 6
944 4
946 9
948 14
950 5
952 11
954 8
956 8
958 10
960 13
962 8
964 13
966 5
968 8
970 7
972 10
974 2
976 4
978 6
980 7
982 11
984 5
986 3
988 5
990 4
992 8
994 5
996 10
998 3
1000 2
1002 7
1004 8
1006 5
1008 7
1010 3
1012 3
1014 7
1016 6
1018 8
1020 3
1022 5
1024 1
1026 8
1028 4
1030 11
1032 3
1034 9
1036 3
1038 2
1040 4
1042 6
1044 8
1046 2
1048 5
1050 3
1052 3
1054 7
1056 5
1058 4
1060 8
1062 5
1064 4
1066 4
1068 4
1070 4
1072 4
1074 4
1076 2
1078 4
1080 2
1082 6
1084 4
1088 4
1090 2
1092 1
1094 2
1096 3
1098 3
1100 3
1102 2
1104 1
1106 2
1108 5
1110 1
1112 3
1114 3
1116 3
1120 2
1122 2
1124 2
1128 4
1130 1
1132 2
1134 1
1136 3
1138 1
1140 2
1146 3
1148 2
1150 1
1154 3
1156 1
1158 2
1160 2
1162 3
1164 2
1170 1
1172 1
1176 1
1178 2
1180 2
1184 1
1188 1
1190 2
1192 2
1194 2
1196 2
1198 1
1200 1
1202 1
1204 2
1208 1
1210 1
1216 2
1222 3
1226 1
1228 2
1240 1
1242 1
1244 1
1246 1
1250 1
1256 1
1260 1
1272 1
1276 1
1278 2
1284 1
1292 1
1306 1
1312 1
1402 1
i1
250 1
270 1
290 1
292 1
326 1
328 1
338 1
344 1
354 1
356 1
360 2
364 1
366 3
370 1
382 1
388 3
390 1
392 4
398 2
402 1
404 1
406 1
408 1
414 1
416 1
418 2
422 2
424 2
426 1
428 3
430 2
432 1
434 3
436 1
438 2
440 3
444 2
446 1
448 2
450 9
452 2
454 3
456 3
460 2
462 4
464 3
466 6
468 2
470 4
472 5
474 5
476 9
478 3
480 5
482 2
484 2
486 4
488 3
490 5
492 4
494 6
496 5
498 10
500 6
502 4
504 6
506 2
508 2
510 4
512 8
514 3
516 8
518 6
520 7
522 6
524 9
526 6
528 8
530 8
532 4
534 8
536 9
538 9
540 11
542 7
544 11
546 7
548 13
550 8
552 4
554 7
556 10
558 13
560 18
562 11
564 13
566 9
568 4
570 10
572 17
574 9
576 9
578 7
580 18
582 11
584 7
586 11
588 11
590 13
592 18
594 19
596 9
598 9
600 11
602 14
604 11
606 18
608 12
610 21
612 12
614 18
616 10
618 19
620 16
622 11
624 14
626 12
628 10
630 17
632 21
634 14
636 18
638 20
640 21
642 18
644 18
646 16
648 16
650 21
652 20
654 18
656 22
658 23
660 17
662 17
664 21
666 15
668 26
670 19
672 21
674 16
676 23
678 23
680 15
682 27
684 16
686 18
688 17
690 14
692 14
694 14
696 13
698 17
700 16
702 16
704 12
706 20
708 23
710 15
712 8
714 15
716 14
718 21
720 10
722 15
724 14
726 13
728 10
730 16
732 9
734 16
736 10
738 9
740 11
742 11
744 11
746 9
748 7
750 16
752 10
754 8
756 8
758 16
760 8
762 12
764 12
766 9
768 4
770 9
772 10
774 11
776 7
778 10
780 7
782 8
784 8
786 4
788 3
790 6
792 5
794 4
796 5
798 7
800 1
802 9
804 4
806 2
808 3
810 2
812 3
814 3
816 2
818 2
820 2
828 4
830 1
832 1
836 1
838 1
i2
230 1
232 1
252 1
258 1
270 1
274 1
280 2
290 1
294 1
296 1
298 1
302 2
304 2
306 1
308 2
314 1
316 1
320 4
322 3
324 3
326 2
328 5
330 2
332 2
334 3
336 3
338 2
340 4
342 1
344 1
348 1
350 4
352 2
354 9
356 5
358 3
360 7
362 4
364 5
366 8
368 2
370 5
372 3
374 8
376 1
378 1
380 5
382 4
384 5
386 8
388 2
390 8
392 5
394 7
396 8
398 6
400 10
402 8
404 7
406 5
408 11
410 7
412 11
414 8
416 6
418 12
420 8
422 10
424 8
426 9
428 10
430 12
432 7
434 14
436 12
438 12
440 13
442 13
444 10
446 11
448 13
450 16
452 16
454 17
456 13
458 12
460 12
462 18
464 20
466 14
468 14
470 19
472 10
474 18
476 20
478 25
480 19
482 21
484 17
486 15
488 16
490 17
492 17
494 28
496 13
498 28
500 17
502 29
504 23
506 27
508 19
510 24
512 24
514 24
516 23
518 14
520 25
522 27
524 27
526 28
528 23
530 15
532 11
534 25
536 32
538 21
540 22
542 23
544 23
546 26
548 29
550 35
552 13
554 21
556 20
558 28
560 22
562 16
564 23
566 21
568 12
570 14
572 21
574 23
576 13
578 19
580 19
582 13
584 13
586 11
588 22
590 18
592 15
594 17
596 12
598 12
600 8
602 11
604 8
606 15
608 12
610 7
612 14
614 10
616 6
618 3
620 6
622 5
624 8
626 4
628 5
630 2
632 2
634 11
636 4
638 2
640 1
642 2
644 2
646 1
648 1
i3
144 1
158 1
186 1
206 1
212 3
214 1
216 1
218 1
220 3
226 2
228 1
232 3
238 1
242 2
244 2
246 1
248 2
250 3
252 3
254 2
256 2
258 4
260 2
262 2
266 2
268 2
270 3
272 4
274 3
276 1
278 4
280 3
282 2
284 2
286 5
288 4
290 4
292 4
294 7
296 8
298 7
300 2
302 10
304 4
306 13
308 11
310 7
312 9
314 10
316 9
318 3
320 10
322 17
324 10
326 8
328 10
330 11
332 16
334 9
336 10
338 18
340 17
342 17
344 18
346 12
348 21
350 20
352 13
354 31
356 15
358 19
360 22
362 13
364 27
366 30
368 13
370 22
372 24
374 18
376 20
378 26
380 17
382 24
384 28
386 29
388 24
390 26
392 22
394 23
396 28
398 44
400 33
402 30
404 33
406 19
408 31
410 21
412 21
414 31
416 31
418 27
420 22
422 31
424 39
426 38
428 33
430 38
432 21
434 26
436 28
438 15
440 25
442 35
444 25
446 25
448 20
450 19
452 25
454 21
456 17
458 24
460 20
462 22
464 25
466 21
468 21
470 12
472 11
474 21
476 12
478 15
480 12
482 16
484 8
486 5
488 7
490 6
492 11
494 9
496 4
498 4
500 1
502 2
504 4
506 3
508 1
512 1
i4
116 1
122 1
140 1
144 1
154 1
156 1
158 1
160 1
164 1
170 1
176 1
182 1
184 3
186 2
188 2
190 5
192 2
194 2
196 3
200 6
202 5
204 5
206 2
208 3
210 6
212 9
214 5
216 6
218 6
220 6
222 4
224 2
226 14
228 5
230 3
232 13
234 10
236 11
238 8
240 12
242 14
244 11
246 14
248 9
250 21
252 17
254 12
256 11
258 23
260 7
262 16
264 17
266 18
268 19
270 14
272 24
274 17
276 18
278 22
280 22
282 16
284 18
286 25
288 25
290 26
292 28
294 30
296 44
298 27
300 22
302 25
304 37
306 36
308 33
310 43
312 35
314 38
316 27
318 29
320 46
322 38
324 34
326 28
328 37
330 47
332 42
334 25
336 33
338 30
340 43
342 36
344 43
346 31
348 26
350 27
352 33
354 40
356 25
358 27
360 33
362 24
364 19
366 29
368 19
370 21
372 29
374 13
376 11
378 10
380 14
382 10
384 14
386 8
388 11
390 7
392 6
394 2
396 4
398 7
400 3
402 1
i5
100 1
104 1
106 1
110 1
116 3
120 1
124 2
130 1
132 3
134 3
138 5
140 3
142 1
144 6
146 4
148 3
150 2
152 3
154 8
156 5
158 7
160 6
162 8
164 7
166 8
168 9
170 9
172 3
174 10
176 13
178 7
180 11
182 7
184 19
186 15
188 19
190 19
192 14
194 15
196 25
198 18
200 23
202 24
204 15
206 17
208 34
210 34
212 36
214 27
216 26
218 29
220 30
222 34
224 23
226 38
228 30
230 32
232 39
234 43
236 39
238 33
240 40
242 36
244 38
246 55
248 43
250 38
252 55
254 47
256 38
258 41
260 40
262 43
264 39
266 34
268 36
270 39
272 38
274 45
276 35
278 32
280 25
282 38
284 30
286 33
288 31
290 27
292 22
294 19
296 20
298 15
300 13
302 9
304 16
306 10
308 9
310 5
314 2
i6
70 1
78 1
80 1
86 2
90 1
94 1
100 2
102 4
104 2
106 3
108 7
110 4
112 2
114 5
116 6
118 8
120 6
122 13
124 9
126 10
128 6
130 8
132 16
134 19
136 11
138 25
140 22
142 20
144 27
146 19
148 27
150 23
152 21
154 29
156 23
158 23
160 37
162 41
164 52
166 41
168 41
170 39
172 30
174 55
176 61
178 49
180 36
182 47
184 60
186 51
188 65
190 62
192 47
194 46
196 61
198 56
200 60
202 63
204 35
206 44
208 61
210 58
212 45
214 37
216 33
218 27
220 25
222 32
224 21
226 24
228 19
230 19
232 21
234 15
236 9
238 6
240 7
242 2
244 1
i7
52 1
62 1
66 1
68 1
70 2
72 3
74 2
76 3
78 3
80 7
82 2
84 4
86 6
88 6
90 4
92 4
94 11
96 5
98 14
100 11
102 17
104 20
106 21
108 25
110 23
112 27
114 37
116 41
118 28
120 50
122 42
124 45
126 38
128 48
130 52
132 65
134 58
136 57
138 58
140 85
142 71
144 97
146 68
148 63
150 68
152 70
154 71
156 68
158 64
160 71
162 73
164 61
166 59
168 54
170 49
172 34
174 22
176 21
178 14
180 10
182 9
184 2
186 1
i8
52 1
54 1
56 1
58 3
60 4
62 4
64 7
66 7
68 4
70 10
72 18
74 16
76 21
78 20
80 26
82 28
84 25
86 30
88 40
90 39
92 34
94 59
96 48
98 77
100 68
102 67
104 77
106 96
108 87
110 79
112 99
114 84
116 108
118 97
120 89
122 98
124 104
126 73
128 81
130 64
132 52
134 38
136 31
138 14
140 10
142 9
i9
38 1
40 1
44 1
46 2
48 5
50 5
52 8
54 7
56 18
58 13
60 14
62 25
64 37
66 32
68 43
70 51
72 86
74 78
76 106
78 97
80 113
82 94
84 105
86 139
88 125
90 107
92 137
94 112
96 111
98 98
100 86
102 76
104 65
106 35
108 14
110 1
i10
34 1
36 2
38 4
40 6
42 10
44 9
46 22
48 27
50 48
52 46
54 47
56 86
58 99
60 101
62 100
64 154
66 140
68 173
70 180
72 192
74 163
76 157
78 120
80 77
82 49
84 30
86 5
i11
28 4
30 4
32 9
34 16
36 24
38 35
40 54
42 62
44 74
46 112
48 134
50 192
52 183
54 205
56 232
58 200
60 206
62 130
64 110
66 56
68 6
i12
20 2
22 3
24 8
26 13
28 27
30 40
32 74
34 93
36 136
38 193
40 234
42 256
44 262
46 255
48 222
50 157
52 63
54 10
i13
12 1
16 2
18 8
20 18
22 27
24 63
26 103
28 176
30 211
32 311
34 321
36 339
38 284
40 159
42 25
i14
12 1
14 8
16 20
18 67
20 125
22 246
24 306
26 391
28 423
30 311
32 136
34 14
i15
10 1
12 15
14 49
16 140
18 323
20 491
22 624
24 342
26 63
i16
8 3
10 15
12 113
14 290
16 615
18 750
20 262
i17
6 4
8 25
10 165
12 575
14 881
16 398
i18
6 36
8 214
10 767
12 965
14 66
i19
4 16
6 247
8 1011
10 774
i20
2 11
4 201
6 1083
8 753
i21
0 3
2 138
4 1026
6 881
